Calories,Duration,Pulse,Maxpulse
409.1,60,110,130
479.0,60,117,145
340.0,60,103,135
282.4,45,109,175
406.0,45,117,148
300.5,60,102,127
374.0,60,110,136
253.3,45,104,134
195.1,30,109,133
269.0,60,98,124
329.3,60,103,147
250.7,60,100,120
345.3,60,106,128
379.3,60,104,132
275.0,60,98,123
215.2,60,98,120
300.0,60,100,120
,45,90,112
323.0,60,103,123
243.0,45,97,125
364.2,60,108,131
282.0,45,100,119
300.0,60,130,101
246.0,45,105,132
334.5,60,102,126
250.0,60,100,120
241.0,60,92,118
,60,103,132
280.0,60,100,132
380.3,60,102,129
243.0,60,92,115
180.1,45,90,112
299.0,60,101,124
223.0,60,93,113
361.0,60,107,136
415.0,60,114,140
300.5,60,102,127
300.1,60,100,120
300.0,60,100,120
266.0,45,104,129
180.1,45,90,112
286.0,60,98,126
329.4,60,100,122
400.0,60,111,138
397.0,60,111,131
273.0,60,99,119
387.6,60,109,153
300.0,45,111,136
298.0,45,108,129
397.6,60,111,139
380.2,60,107,136
643.1,80,123,146
263.0,60,106,130
486.0,60,118,151
238.0,30,136,175
450.7,60,121,146
413.0,60,118,121
305.0,45,115,144
226.4,20,153,172
321.0,45,123,152
1376.0,210,108,160
1034.4,160,110,137
853.0,160,109,135
341.0,45,118,141
131.4,20,110,130
800.4,180,90,130
873.4,150,105,135
816.0,150,107,130
110.4,20,106,136
1500.2,300,108,143
1115.0,150,97,129
387.6,60,109,153
700.0,90,100,127
953.2,150,97,127
304.0,45,114,146
563.2,90,98,125
251.0,45,105,134
300.0,45,110,141
500.4,120,100,130
1729.0,270,100,131
319.2,30,159,182
344.0,45,149,169
151.1,30,103,139
500.0,120,100,130
225.3,45,100,120
300.1,30,151,170
234.0,45,102,136
1000.1,120,100,157
242.0,45,129,103
50.3,20,83,107
600.1,180,101,127
,45,107,137
105.3,30,90,107
50.5,15,80,100
127.4,20,150,171
229.4,20,151,168
128.2,30,95,128
244.2,25,152,168
188.2,30,109,131
604.1,90,93,124
77.7,20,95,112
500.0,90,90,110
500.0,90,90,100
500.4,90,90,100
92.7,30,92,108
124.0,30,93,128
800.3,180,90,120
86.2,30,90,120
500.3,90,90,120
1860.4,210,137,184
325.2,60,102,124
275.0,45,107,124
124.2,15,124,139
225.3,45,100,120
367.6,60,108,131
351.7,60,108,151
443.0,60,116,141
277.4,60,97,122
,60,105,125
332.7,60,103,124
193.9,30,112,137
100.7,45,100,120
336.7,60,119,169
344.9,60,107,127
368.5,60,111,151
271.0,60,98,122
275.3,60,97,124
382.0,60,109,127
466.4,90,99,125
384.0,60,114,151
342.5,60,104,134
357.5,60,107,138
335.0,60,103,133
327.5,60,106,132
339.0,60,103,136
189.0,20,136,156
317.7,45,117,143
318.0,45,115,137
308.0,45,113,138
222.4,20,141,162
390.0,60,108,135
,60,97,127
250.4,45,100,120
335.4,45,122,149
470.2,60,136,170
270.8,45,106,126
400.0,60,107,136
361.9,60,112,146
185.0,30,103,127
409.4,60,110,150
343.0,60,106,134
353.2,60,109,129
374.0,60,109,138
275.8,30,150,167
328.0,60,105,128
368.5,60,111,151
270.4,60,97,131
270.4,60,100,120
382.8,60,114,150
240.9,30,80,120
250.4,30,85,120
260.4,45,90,130
270.0,45,95,130
280.9,45,100,140
290.8,60,105,140
300.4,60,110,145
310.2,60,115,145
320.4,75,120,150
330.4,75,125,150
